12 13 14 22 23 24 30 31 32 33 34 35 36 40 41 42 43 44 45 46 50 51 52 53 54 55 56 62 63 64 72 73 74 # 21 25 61 65
1314 2232
2233
1312 2434
2223 3141
2324 3242
2221 2425 3343
2322 3444
2423 3545
3132 4050
3233 4151
2212 3130 3334 4252
2313 3231 3435 4353
2414 3332 3536 4454
3433 4555
3534 4656
4142
3121 4243 5161
3222 4140 4344 5262
3323 4241 4445 5363
3424 4342 4546 6364
3525 4443 5565
4544
4030 5152
4131 5253
4232 5150 5354 6272
4333 5251 5455 6373
4434 5352 5556 6474
4535 5453
4636 5554
5141 6263
5242 6364
5343 6261 6465
5444 6362
5545 6463
6252 7374
6353 
6454 7372
