90
12 13 14 22 23 24 30 31 32 33 34 35 36 40 41 42 44 45 46 50 51 52 53 54 55 56 62 63 64 72 73 74 # 21 25 43 61 65
121314 122232
132333
141312 142434
212223 213141
222324 223242
232221 232425 233343
242322 243444
252423 253545
303132 304050
313233 314151
322212 323130 323334 324252
332313 333231 333435 334353
342414 343332 343536 344454
353433 354555
363534 364656
404142
413121 414243 415161
423222 424140 424344 425262
433323 434241 434445 435363
443424 444342 444546 445464
453525 454443 455565
464544
504030 505152
514131 515253
524232 525150 525354 526272
534333 535251 535455 536373
544434 545352 545556 546474
554535 555453
564636 565554
615141 616263
625242 626364
635343 636261 636465
645444 646362
655545 656463
726252 727374
736353
746454 747372
